쉠쑨寗 0 0 0
딩 1971 3 19
쿤 1978 3 23
珙貴鷄 1999 7 16
煖馬倒 2006 9 2
쩜墾懃 2006 9 12
Clara 2006 10 25
꿀桃훔 2006 10 30
꽐鷄 2006 11 2
僅兩勸 2006 11 5
建헉벽 2006 12 10
略櫓볏 2006 12 25
珙論껍 2006 12 31
纛綾繇 2007 1 3
벋樓벵 2007 1 9
주史벵 2007 1 24
斂솅就 2007 2 4
煖飴癸 2007 2 14
냈隙惇 2007 2 16
略寧횔 2007 2 21
襟史쌤 2007 2 25
奈！ 2007 2 26
쟀넓捺 2007 3 1
주쟝댯 2007 3 14
冀셰捏 2007 3 16
갔~ 2007 4 2
逕엎셰 2007 4 3
嶠悳볏 2007 4 3
짭끗츨 2007 4 24
袈벌졺 2007 5 20
煖헌刀 2007 6 6
練帶燈 2007 6 22
부戌婢 2007 6 26
빚綾헒 2007 6 26
마뵈료 2007 7 19
촙헤닇 2007 7 25
벴땜놓 2007 8 6
쟀漣옅 2007 8 8
증黛렵 2007 8 14
데졺 2007 8 16
黨弩宴 2007 8 20
珙史瑥 2007 8 28
煖轅戌 2025 12 9